[gd_scene load_steps=2 format=3 uid="uid://bw6oupo0hytj4"]

[ext_resource type="PackedScene" uid="uid://cour0vch6mby4" path="res://Assets/PlayerCharacter/robot.glb" id="1_1tn7i"]

[node name="robot" instance=ExtResource("1_1tn7i")]

[node name="Eye" parent="Robot_Armature/Skeleton3D" index="0"]
transform = Transform3D(1, 1.41881e-09, 3.25963e-09, 1.86265e-09, -0.997564, 0.0697566, 1.86265e-09, -0.0697566, -0.997564, 1.16415e-10, 0.199433, -0.329136)

[node name="Arm_R" parent="Robot_Armature/Skeleton3D" index="1"]
transform = Transform3D(1, -1.58325e-08, -4.47035e-08, -8.801e-08, 0.997564, -0.0697564, 5.96046e-08, 0.0697565, 0.997564, 0.609838, 0.608432, 0.0426564)

[node name="Body_R" parent="Robot_Armature/Skeleton3D" index="2"]
transform = Transform3D(1, 1.67638e-07, -2.98023e-08, -3.25963e-08, 0.997564, -0.0697564, -4.47035e-08, 0.0697564, 0.997564, -8.27014e-07, 0.837356, 0.0585049)

[node name="Butt" parent="Robot_Armature/Skeleton3D" index="3"]
transform = Transform3D(1, -2.98023e-08, 1.78814e-07, 2.98023e-08, -0.997564, 0.0697567, 8.9407e-08, -0.0697567, -0.997564, 0.00111107, -0.0585182, 0.836953)

[node name="Leg_R" parent="Robot_Armature/Skeleton3D" index="4"]
transform = Transform3D(-1, 2.98023e-08, 8.9407e-08, -2.98023e-08, -0.997564, -0.0697562, 1.49012e-07, -0.0697564, 0.997564, 1.18129e-05, -0.837392, -0.0588343)

[node name="Arm_L" parent="Robot_Armature/Skeleton3D" index="5"]
transform = Transform3D(-1, 3.07336e-08, -1.3411e-07, -7.49715e-08, 0.997564, 0.0697564, 1.19209e-07, 0.0697565, -0.997564, -0.609499, 0.608017, 0.0424724)

[node name="Body_L" parent="Robot_Armature/Skeleton3D" index="6"]
transform = Transform3D(-1, -1.08033e-07, -1.19209e-07, 6.14673e-08, 0.997564, 0.0697564, 5.96046e-08, 0.0697564, -0.997564, 6.14673e-08, 0.837578, 0.0585692)

[node name="Leg_L" parent="Robot_Armature/Skeleton3D" index="7"]
transform = Transform3D(-8.9407e-08, 1.04308e-07, 1, -0.0697562, -0.997564, 4.47035e-08, 0.997564, -0.0697563, 1.78814e-07, 4.84288e-08, -0.837704, -0.0585779)
