[gd_scene load_steps=2 format=3 uid="uid://bw6oupo0hytj4"]

[ext_resource type="PackedScene" uid="uid://c55vrhsea1ywt" path="res://Assets/PlayerCharacter/robot.glb" id="1_1tn7i"]

[node name="robot" instance=ExtResource("1_1tn7i")]

[node name="Eye" parent="Robot_Armature/Skeleton3D" index="0"]
transform = Transform3D(1, 1.43336e-09, 3.25963e-09, 1.86265e-09, -0.997564, 0.0697566, 1.86265e-09, -0.0697566, -0.997564, 5.82077e-10, 0.199433, -0.329136)

[node name="Arm_R" parent="Robot_Armature/Skeleton3D" index="1"]
transform = Transform3D(1, 2.79397e-09, -4.47035e-08, -1.02911e-07, 0.997564, -0.0697565, 5.96046e-08, 0.0697565, 0.997564, 0.609838, 0.608432, 0.0426564)

[node name="Body_R" parent="Robot_Armature/Skeleton3D" index="2"]
transform = Transform3D(1, 2.01166e-07, -2.98023e-08, -1.22003e-07, 0.997564, -0.0697564, 0, 0.0697564, 0.997564, -8.28877e-07, 0.837356, 0.0585047)

[node name="Butt" parent="Robot_Armature/Skeleton3D" index="3"]
transform = Transform3D(1, 0, -2.98023e-08, 5.96046e-08, -0.997564, 0.0697566, -2.98023e-08, -0.0697566, -0.997564, 0.00111105, -0.0585183, 0.836953)

[node name="Leg_R" parent="Robot_Armature/Skeleton3D" index="4"]
transform = Transform3D(-1, 1.3411e-07, 5.96046e-08, -2.23517e-07, -0.997564, -0.0697563, 5.96046e-08, -0.0697564, 0.997564, 1.1798e-05, -0.837392, -0.0588343)

[node name="Arm_L" parent="Robot_Armature/Skeleton3D" index="5"]
transform = Transform3D(-1, 3.1665e-08, -1.19209e-07, -7.49715e-08, 0.997564, 0.0697565, 1.19209e-07, 0.0697565, -0.997564, -0.609499, 0.608017, 0.0424724)

[node name="Body_L" parent="Robot_Armature/Skeleton3D" index="6"]
transform = Transform3D(-1, -1.95578e-07, -1.3411e-07, -5.86733e-08, 0.997564, 0.0697564, 2.98023e-08, 0.0697564, -0.997564, 7.63685e-08, 0.837578, 0.0585691)

[node name="Leg_L" parent="Robot_Armature/Skeleton3D" index="7"]
transform = Transform3D(2.68221e-07, 1.04308e-07, 1, -0.0697564, -0.997564, 1.63913e-07, 0.997564, -0.0697565, -1.78814e-07, 1.22935e-07, -0.837704, -0.058578)
